3830
1350
6808
9861
3462
608
8911
9926
3409
5690
2633
8139
1503
8817
8206
6770
1688
5945
624
1671
5338
1420
7203
5788
9646
2664
720
6577
9945
1049
6128
4904
5962
8576
5507
7299
9855
3325
4941
6081
5715
5048
2829
4287
2473
7401
6734
2079
7262
6186
509
5288
7850
6465
7079
623
1435
8003
1257
3381
1175
5097
7823
8625
9615
2656
6809
3812
1770
8611
4808
2454
7356
1397
5480
6789
5814
4212
3654
7217
4311
2047
1342
656
8696
5263
2483
2153
8039
7660
8450
3576
7543
3443
1186
9391
282
5614
6672
3936
4924
7994
4388
3344
9255
3333
9463
5828
6275
931
1860
579
1731
3772
5563
2685
7110
757
5591
3119
3771
7154
1496
8995
94
2360
271
2543
4476
6508
2695
4360
6944
5636
4241
5746
494
8949
3188
8916
9136
5118
268
6647
6152
5345
9152
5434
4621
11
1959
899
9614
1893
167
1595
3681
71
946
2333
884
6211
2470
3251
1655
6769
1024
5985
156
4919
6885
2523
3172
5082
880
3712
2720
6994
210
5100
8044
3152
6890
2890
5368
8331
8943
1935
267
8272
338
1902
4177
8669
2388
4517
4961
987
4583
1248
5951
6780
4192
8072
1629
9604
970
5387
7049
3361
2049
2274
4811
6014
4669
3916
4462
5132
5854
9492
3514
9010
5798
6832
5101
4797
1525
5497
2932
9072
9446
6989
3659
6913
7766
5395
2482
4328
6611
8408
5711
2218
9771
5015
4782
3672
2619
9247
5660
9777
1576
6844
1776
555
7760
4995
4700
524
3221
4668
797
5259
8066
3924
2802
9384
1201
5630
1996
7180
7646
4846
9689
4911
8442
8802
2843
119
2126
2471
2628
4293
5968
3873
3367
2738
8809
4310
1458
3951
808
5180
4071
8671
9393
1355
4971
5937
8152
3248
823
2914
703
9427
4645
6246
2149
8208
5265
4425
9084
4223
340
5049
7819
3433
9368
2973
3696
9744
3185
3909
3277
8069
5390
4547
7282
5969
4976
7436
8035
650
2818
1661
6284
5159
7842
3825
7380
4352
5676
5963
211
2500
3495
1071
5008
8436
7287
2193
8504
5659
3516
2540
5060
3806
2557
9447
4189
7497
9364
3053
2412
6928
6324
2299
8958
3732
2934
286
1169
3962
561
7600
1531
9794
1812
3551
9611
2162
1988
804
9022
6670
5141
4885
256
3934
997
3271
1946
731
4230
2603
6901
8259
4325
4486
5254
8186
7097
5380
9403
2379
1232
4416
59
4091
2005
1876
5023
7699
2187
8907
9429
4733
108
1864
7954
8000
3872
5313
9273
4798
2255
1772
1874
6382
8387
1716
739
1777
2216
8621
4039
9980
8685
728
5490
7720
9478
7303
2920
5336
4701
2534
3016
6242
205
4496
1705
2991
97
4698
6296
84
3493
1653
1219
2582
778
596
798
9971
6829
1387
4878
3174
3841
3953
6124
7070
7709
1663
2027
9634
5326
6814
7525
7959
4536
5136
6986
632
8888
2186
3334
5116
9950
1125
7893
9963
6674
9
350
4869
5173
137
9095
2440
6080
5042
6325
2352
9052
1540
2346
8857
1354
8659
857
22
1034
783
780
7641
3295
6937
6477
360
1168
8073
2076
7797
1005
171
5713
4589
5331
8107
7975
1741
2118
203
6437
7309
1371
888
7827
358
2284
8975
9808
5839
4446
8782
2172
1249
6760
8688
988
8980
1561
9736
4546
7992
6954
8989
8815
1944
9877
9242
5221
3144
7171
6615
1534
6074
8243
664
856
929
9623
9896
3917
9741
7036
3990
5264
4987
16
3727
5213
9466
3214
5027
2667
9462
7876
3817
5517
4152
6455
9471
9398
9867
9019
3701
4649
572
7967
4392
9212
4638
5600
993
9996
5388
7239
5516
1692
5959
8613
3437
9051
2164
1214
314
5085
2535
8681
6921
2865
7240
2712
4800
8523
8160
3352
655
3752
7454
5126
376
1472
2542
9702
5456
1240
1906
4238
799
3838
2462
3149
7815
9223
2734
3887
7021
923
102
7782
6797
8763
3236
478
831
3213
4140
2337
8856
4777
6017
8550
3071
8187
5142
8314
401
2895
1638
7359
8001
1107
9281
2552
2922
6251
3653
9286
8545
9820
4585
30
5620
6799
1850
3828
5745
7829
5219
2510
2955
3253
4883
908
4277
3363
5929
9093
4542
6134
4540
3833
1209
8930
638
9745
1288
4364
8124
378
1592
861
6222
5759
585
3763
9995
9221
858
9713
4183
1087
3545
7492
1827
5751
7894
9792
7816
8609
9230
196
6517
9934
6965
3320
3671
1662
805
3852
6440
693
6906
4367
3557
9071
3563
2609
4377
3459
4318
5266
1743
2674
1090
4565
3360
4205
684
6884
5474
5815
8846
87
852
8953
5277
1931
980
9460
7508
4194
7785
2161
7604
7438
8997
2199
5595
9366
2705
4256
1259
8605
9876
1224
6230
764
5859
7000
5643
8851
3645
4618
3530
2192
2731
5393
5175
1851
2480
6403
4402
4395
2700
5339
9830
1097
9513
2819
589
8438
7610
8310
3912
490
5860
1349
8700
3302
8838
1099
6303
641
5734
7749
8022
7234
1373
6494
563
8940
7386
5269
2893
6008
6733
4210
6775
822
7455
3209
2202
7194
6836
6669
6703
5196
6643
7996
1215
35
4724
3749
3024
3783
627
4151
2018
6149
92
3880
3650
6052
4258
4729
514
5653
7572
2196
5059
9428
4770
9117
5735
9675
1538
3164
4661
5886
9856
5794
1323
8121
5442
5340
5420
3158
1345
1511
890
2899
5495
5880
3620
6088
1184
3225
3546
3018
2995
1582
113
6525
5972
1030
4208
5181
4708
8352
9893
9485
7523
287
4842
3007
6959
8525
4047
1392
2442
3809
3201
2155
7145
7108
6967
3308
2353
4481
4495
3761
3173
9837
7534
7673
9802
9835
8034
1381
1917
7503
9737
956
8867
2727
3338
1150
3304
9913
8707
4807
3910
9118
1353
1859
7500
2424
4778
7633
2213
7195
5741
2059
1466
2831
218
4124
1367
99
477
5730
1414
6395
7624
357
9098
4054
4556
29
1135
8355
2592
7339
1298
6127
1795
8465
5518
8341
6549
787
8970
5537
3748
3728
5253
8492
55
2310
1079
1035
4785
437
789
8865
4457
9880
7942
774
8271
8825
4951
3092
2508
9486
2701
2936
7875
2950
9017
5911
8530
5965
6370
6341
2350
6172
1132
9107
8136
7236
9309
7786
9012
60
9602
4424
5047
5915
8261
1918
9932
1380
1485
1846
9927
4168
4820
3496
4518
9165
5385
2726
8954
2176
8887
3336
423
6717
4966
4893
3676
9889
1892
2263
7104
3959
4707
6445
1746
1285
2650
8892
4015
4064
7018
6402
5198
9546
2308
2803
2279
3556
2021
1315
3074
5935
4084
2967
6839
6737
3134
1256
4410
3159
5435
7398
8672
8157
786
8772
5281
7360
4789
5292
5958
9531
4994
9162
6225
4940
7396
3045
8760
3932
4690
4148
7159
5641
2706
7535
8795
3853
7955
1008
8335
5698
4342
5566
9831
5482
2010
6756
4401
5158
461
3025
7810
8162
6627
9305
5440
5592
6118
1299
8315
8509
198
3400
7845
9772
626
4341
6058
2115
6746
7895
5803
9805
7318
4572
7374
5347
7656
3375
6634
1794
5202
6028
2772
1869
5396
2273
834
544
872
1448
5610
657
3590
9459
3718
8291
737
7711
7908
8057
6875
865
4420
8134
9849
1617
9815
6207
6027
1633
3451
1141
3472
8652
9518
5797
9901
9011
5498
1549
1891
6392
9870
4353
4670
8484
9864
5130
7472
2872
5187
3309
7263
3427
5841
1226
8895
8474
7053
5811
2919
4677
633
8267
259
2724
6948
1386
969
4021
1804
7428
903
812
5675
9929
180
4936
609
3867
1933
149
2800
7968
2611
7207
4305
3540
7054
1089
6015
6640
4247
6763
833
8539
6895
4828
9595
4426
4470
5637
283
9363
2390
101
3212
6822
8205
1391
2416
4144
5009
3534
1038
8542
7473
123
9785
2929
9632
4588
9601
3085
4709
3586
1916
3582
1748
7304
9092
6914
6123
2144
382
5430
5051
6578
8556
8256
223
6299
8701
7310
40
9217
5146
3028
4126
7063
9594
5418
5239
4411
8554
166
9091
4654
1206
435
1036
9035
3291
9484
7002
1725
7627
1308
1403
5103
6416
8382
2745
3414
8799
8209
3215
9436
7001
3196
7085
3850
2025
7813
6873
2078
3396
5177
6587
2639
9131
5087
3673
5399
2888
5531
12
9210
1591
4725
3013
8812
5223
8631
7541
4227
8551
2219
4080
5844
2146
6143
6923
2389
197
284
1023
6929
7887
1270
2964
4641
760
4928
1286
8529
5372
1994
1318
3868
2840
1539
4566
5626
4296
3187
1041
2358
4954
5402
522
8831
5940
7836
763
8236
1379
3907
7105
464
1343
6286
1264
4563
6482
9816
625
6380
4557
2129
7935
6915
9912
2532
2786
8941
9265
995
436
6521
8350
1929
3393
3002
57
725
5669
147
3639
8110
843
1806
6546
1481
5589
7877
9167
9580
847
3543
9910
7757
1070
7342
3070
8020
7305
5650
1064
8337
2191
3126
3619
9722
2436
5122
6576
9574
3925
7138
3319
5423
7421
9699
8483
5914
1446
5575
9434
295
9284
9417
7313
3274
6765
7980
513
7131
7682
3633
3198
4026
2902
5270
7545
3915
5877
4314
2175
1537
6608
2588
4440
8398
4587
8422
9823
8411
6298
649
8240
644
486
5820
2746
5503
9343
3940
891
734
3765
6444
7934
1588
2870
4910
1781
5739
2258
2017
1382
3667
9094
2729
6358
3615
1590
6150
7288
665
8520
2799
4484
5891
683
5210
4682
3292
7693
5267
8516
1361
4236
8811
1151
3678
4344
7885
4468
3960
8268
4577
6263
2887
6239
8199
6000
5322
6238
9939
7601
4078
3626
8050
5211
3252
5869
301
3450
8790
3511
2068
8192
4216
9222
9056
3944
1267
8463
4870
1061
2205
6174
8389
3136
5789
7080
7335
5041
6792
7761
1684
4092
5369
7186
3843
6285
8306
9739
2715
3791
1802
7938
4653
4421
5000
548
9946
2735
2399
2496
7349
5073
9890
5128
9115
7260
9121
3026
440
6434
6069
6612
9500
3229
1894
2398
8214
1047
7847
4894
4530
6408
8053
2692
9552
4805
6702
9523
7928
9636
7886
4747
9270
8133
699
3599
3635
7140
6040
1990
5222
7769
1376
508
607
7197
7126
4538
9510
3767
934
9064
5829
3077
1955
8891
721
3038
1276
4793
1842
5727
3616
810
3793
4158
4053
1857
2763
4435
4718
7441
4302
5533
8018
2287
4458
4980
341
9068
7570
9177
8028
962
76
6360
5948
2541
7136
9077
8937
2057
9694
9000
8007
5293
3996
5995
3041
7316
1823
7402
7111
3318
79
497
9978
5942
3080
928
3449
8591
5461
8531
7334
594
7974
1237
1921
5671
7984
8758
8460
8167
1218
9821
8876
5296
3237
6857
2466
2063
7456
5010
3814
1631
2490
4810
5272
3523
4860
5802
3773
6817
2853
3950
9695
4914
6227
4644
7932
8514
8843
8029
1528
5824
3110
4222
2606
5090
7856
1934
7964
7297
3820
7395
8250
7219
1521
2563
9550
3622
8063
1818
474
9804
4249
2662
5028
3587
297
4582
2494
6997
9404
7179
6697
8775
278
2300
8886
6068
3713
1973
9383
4679
8568
5190
697
8347
2413
3822
9370
782
5994
1784
6793
5740
634
866
8470
5588
4703
2708
8176
2707
982
5376
7098
9481
7142
469
452
7214
9289
5011
1637
9469
5673
2781
8103
7559
9292
1518
9693
3726
996
9593
7922
8116
7514
5804
991
1406
2266
9725
8284
1666
9465
8393
4331
5289
7594
4454
9061
2438
5354
4633
8443
3660
5936
3858
4282
7625
6649
7768
7801
399
6379
9779
8749
7587
850
4165
4268
5881
3313
3720
9640
2095
8346
9262
5099
2371
371
951
5421
9685
8718
9650
9483
8639
8
3073
5245
3680
5233
6662
4110
5586
3923
4849
4562
5683
8383
5204
3544
9344
6786
889
2977
5661
2404
2516
8702
7087
9852
4203
8875
1559
3655
5310
1899
8197
3608
298
4065
7571
7960
7941
4949
1177
4267
3356
6824
6812
8207
1757
6051
8680
4135
1007
3456
80
9322
9208
7350
6716
7635
9688
3412
5186
2051
4460
9684
9090
8914
7981
6743
9350
4094
1358
5504
8210
8505
70
6237
8376
1970
3256
9308
4406
204
8880
8883
5315
8369
7476
1227
7857
9931
8285
9300
1736
7107
4429
1886
5039
4609
5552
4128
4986
2844
7410
3183
6668
992
2094
5755
2949
7849
2396
7226
8254
7737
4461
6964
1178
7321
666
9633
3032
836
7325
9088
9691
5529
3790
2827
1081
2852
9863
3780
7450
4532
4088
2748
3517
696
4896
9155
8193
3436
9915
4007
229
7499
5966
9243
6496
2363
5364
8635
8950
2342
4735
8917
292
1568
1619
7781
3518
1765
473
8185
7957
3362
7751
3526
8155
841
2984
1604
4738
8060
2678
944
2030
1114
3766
2356
4663
896
9563
151
8049
3863
5662
8915
1368
2168
5686
2481
5901
7726
3949
5736
3218
2243
6663
2638
7687
9742
8910
4776
2285
5928
6189
8569
5166
9979
8985
1490
640
5425
916
4905
1331
1337
7602
4624
2794
1211
1526
9347
6071
7306
9376
2898
5020
6909
1277
7470
8655
3954
6726
2663
3167
106
4348
7233
6790
8280
7200
3776
1444
2688
9439
7117
7468
6806
3736
6653
3730
2681
2102
6030
9746
5738
9704
2570
6505
5412
6369
88
255
1160
7971
4662
4036
505
9359
8171
913
8818
5598
1858
2849
6871
4526
302
8999
2053
1165
5898
1058
6185
6486
7069
1401
121
9356
2224
9181
7284
6624
3108
3269
5773
7404
4037
6092
7620
277
6616
2924
1123
8966
8668
4485
6729
1166
2938
9317
8244
4465
6971
2040
599
6565
5046
10000
7519
5944
523
9263
5483
6001
2045
4418
1759
7424
7679
5897
1451
5150
8600
2472
3411
6947
8147
3532
4977
7383
2659
2669
9643
2375
3686
5908
6193
2062
7025
4180
3483
938
3538
8120
8165
615
3397
7585
3033
5035
4274
8841
6144
5125
7366
252
2597
352
6813
765
243
9445
2244
460
6926
565
9537
2315
8420
3096
4445
4943
5989
4753
3137
9810
9083
3911
9002
9388
6560
3186
905
6704
8498
1676
9962
5317
7882
4170
7005
1220
1976
1245
4854
9657
8967
5528
4694
9036
2903
6377
3989
6719
8086
5454
2028
5867
8697
5321
7970
1344
6175
3958
6087
3933
7591
1520
5298
876
2464
4969
8303
165
6340
6794
6033
9314
5706
5006
5174
2016
4394
973
7566
769
6308
1855
7275
1419
2607
331
6315
2383
91
1157
936
8561
8283
6741
3281
8173
6169
1431
790
5200
6177
5374
3260
9216
9860
6243
5236
4337
2554
3372
4545
4773
5599
9415
6963
6233
3506
4060
5038
83
2691
6154
4494
2556
1302
4473
5508
6757
4237
186
1900
5561
5721
1586
6267
597
1050
9108
9180
6595
4600
753
3969
454
837
1890
3121
6641
3312
424
4271
2332
3029
6158
1694
5565
2486
8837
6049
3568
1374
1822
6364
3548
1622
7739
6264
7172
9150
3315
9160
9458
1153
588
7805
5274
9763
1841
1273
9527
3228
8720
8705
6197
9232
7078
8342
6936
7051
8499
7003
691
6685
4560
930
6810
8129
6993
5036
740
9063
8297
2549
9895
9981
9662
877
9037
7758
9528
2197
5110
7596
2022
9610
6481
7030
1502
4675
5349
1434
3878
4404
8218
2260
6563
7862
5978
422
6010
9969
5699
4648
7506
6998
2201
7095
2303
6432
5874
7890
3130
2001
5013
1126
326
3193
2561
4939
9833
770
5044
8041
214
1341
356
5324
1635
6968
3494
7688
4921
5231
3418
9991
7153
1848
5560
2666
4998
2325
4984
7259
7931
1333
1445
8842
4619
1831
7889
6412
3930
1463
542
2495
8774
2091
8519
8154
1543
5287
4213
3594
2992
3491
8014
193
6889
9126
5169
2587
6093
3891
235
4204
2316
8313
7504
4500
7463
8559
1677
3980
4276
4767
5866
9519
1732
2125
7322
2634
8637
6226
3631
2721
8709
4857
8506
5594
8004
6003
8908
5807
9396
7822
6774
9986
9097
439
2601
2252
93
3222
1927
4448
6214
7899
4106
9592
7775
3857
4791
9829
840
9134
4634
5856
1882
971
3670
1708
3210
6671
7793
6089
9341
1867
8629
2386
3232
807
5309
4678
1687
7795
4691
7983
142
5939
416
2330
2240
8217
9621
3328
4529
8182
3354
4580
1019
1783
438
2610
8293
3965
6487
5319
9553
2937
5656
7715
7143
6048
9787
3102
7794
1390
9125
4640
4772
1875
2013
133
5463
6996
3301
2336
8083
6778
3030
3904
6992
519
1623
3938
4010
5747
5607
4075
5970
2584
4771
6234
2297
9715
34
499
8338
7558
6942
5893
619
9349
662
4417
5984
6552
1021
7277
3379
7006
2716
1792
2990
6696
9907
5258
9588
1328
3504
5147
6891
7048
9385
8640
2058
280
3383
7723
8090
4864
824
7474
652
4423
7222
1122
8740
5417
1938
8005
5601
6900
3883
6853
1075
8986
4816
550
5796
3640
2809
7683
7551
1410
2339
7947
4804
3979
9279
2437
6898
4876
9752
8919
5431
5912
9730
9790
6920
6722
9360
6564
3324
3668
4819
1634
9847
8757
9543
5252
8939
7549
7147
3078
2986
217
9942
9549
6532
8751
9323
593
8656
3454
1557
9184
6165
7379
2372
7837
6917
578
5268
6689
1272
9512
7177
7772
7861
6157
4962
4596
303
2854
1983
1473
3262
5720
9937
2092
5138
8132
9993
5248
8750
5112
717
6112
4840
463
8196
2120
902
9245
5104
8791
8164
5731
1945
1197
2211
3627
3519
5476
827
7734
476
788
6484
1727
6949
4378
4393
7655
9369
5093
2042
8662
3303
6554
9318
3782
6710
6736
3384
3049
1747
4261
9145
8557
5783
4599
3047
3406
322
5696
1911
2806
6772
7724
4419
7833
1798
6100
77
1948
7605
3083
8522
1483
7491
5778
6450
4592
4127
1393
7252
5567
3405
7653
9941
9565
2658
9711
7930
2630
86
9325
9616
7916
4978
7057
6282
2762
5033
7628
4146
6553
4029
126
4093
3043
2276
3204
1100
4373
1469
2736
5964
395
1641
5470
8847
2980
4917
6119
3550
8058
5749
2894
8765
8079
4436
6204
230
3914
3487
6106
2725
2292
5192
907
8923
7453
3804
6860
2489
161
6695
8068
9755
5791
8482
5674
4057
6976
2901
6705
6596
2467
2533
701
6023
3527
9157
330
6648
5137
2863
8407
1104
15
8190
2586
917
9194
6102
5633
9541
8877
5278
5927
1577
7311
2978
4855
2083
5569
2248
8969
4489
8008
4191
4443
3849
6072
6121
4368
7993
375
4304
3259
5148
4759
8942
9183
3022
4427
4912
9801
6006
1739
5819
2564
6126
1486
5250
9048
9086
9275
1768
7799
756
9123
6206
8716
4533
8729
412
9173
3614
515
4354
1183
3453
6208
1204
6101
1174
2567
8488
3554
3298
8122
6219
98
2301
5760
1754
616
708
9533
1375
4320
6811
7676
1745
6387
4049
7634
6951
5283
5500
7312
8406
4920
2359
9514
8309
1309
4764
4400
4478
328
2401
1067
6639
9201
8344
6138
1937
1735
3698
9211
2927
5541
2959
4814
9545
3448
431
182
7774
2581
1600
6691
9005
7808
3542
9224
744
4118
7381
6463
5165
7338
5818
3142
1322
493
1992
2506
8123
3871
8738
8179
4631
6879
2820
3376
3285
7642
8453
3552
4005
1844
5621
9724
2410
2026
7419
1221
7437
6331
8727
129
3562
3600
1002
6969
9557
6838
752
2907
2698
4172
2722
9719
9551
766
6527
6054
9294
6559
2381
4471
2322
9836
9858
9507
2226
8421
7644
8089
5521
5493
8496
8108
8533
1476
4586
8927
8071
1450
5884
9477
9698
9016
7246
707
1192
4475
8174
6141
7677
9218
3735
4620
4847
7411
4827
9644
1709
2291
7495
2565
8723
8990
6070
2286
1981
4882
7043
5282
3178
9453
2621
8978
8829
7588
8869
9655
5523
7817
2221
6384
32
2537
813
418
2886
1585
3441
8056
9873
9871
1028
5327
9788
4558
8698
8467
5564
3180
4853
8528
863
7956
1562
1093
5341
8885
6961
2159
9337
5328
187
5469
5695
3064
6097
4043
4147
6394
6567
8148
5352
5373
1501
5360
3677
8391
5625
8183
5102
2015
8604
4786
177
9330
6815
9511
4346
7280
6573
417
3567
215
7732
260
9087
2845
1352
5921
2428
5510
3827
6346
984
5304
7848
539
6816
9346
7871
8502
6361
8456
8848
3628
530
3901
3769
2451
1262
864
3579
8351
8579
6925
6376
1751
9613
9767
5235
8458
3444
9868
5318
8390
4111
672
7352
2377
388
2134
8602
6507
4193
8298
9023
4483
9955
2962
5444
487
5016
6721
3422
5378
6659
116
3104
3466
4838
5120
5451
4830
7046
7482
1606
8161
5305
9233
8424
6475
9708
9866
1668
9272
7358
4114
2578
6452
6183
8890
2207
7650
5982
7547
3368
2380
4107
7697
3657
432
574
6852
6739
4835
968
4162
54
5559
9733
9709
3155
1250
9315
6632
933
2975
7388
9182
9316
8984
9449
1112
2823
8279
6076
7351
68
6182
7258
7707
8693
6307
6499
8832
6953
2988
1928
109
1555
1233
430
1975
3896
1527
5943
8059
1880
1180
270
1399
82
324
3066
5883
6561
3877
8153
5400
9464
3602
5302
7788
3647
3321
2288
6522
7181
6877
5297
8326
9898
6938
6714
6530
3844
5930
3975
964
5386
7354
1656
1612
7391
4874
8946
3046
1045
536
5536
2459
8006
63
8615
7538
1144
6218
9024
7511
4253
3571
5714
5578
1936
562
5409
1547
2559
466
1018
3522
9797
1043
1715
694
9043
8292
402
7743
5967
3398
4680
8524
4239
7755
689
1456
9112
7066
4713
6823
2942
7978
4382
7127
747
3593
3762
4643
7530
9227
940
6407
5397
8623
3286
9198
2447
5325
1658
6302
983
238
5428
4837
2110
8325
2947
4817
941
6537
2600
8803
9570
3609
1223
8328
2972
8118
7376
1589
7765
1610
5707
9759
1753
4635
667
5562
3345
5056
8348
554
8084
5772
2626
9598
7413
3072
1697
6908
6241
8473
867
534
3288
8343
2717
9966
8095
5367
9174
7578
4338
6514
3691
704
9951
6919
8963
9900
6029
6004
2320
3129
2009
3625
3416
2782
4958
300
3648
5875
6693
9943
4774
480
4528
5941
3513
1703
6200
2525
776
7539
6593
5381
2741
6680
2393
6321
185
8824
7408
1825
3621
4925
6480
8149
692
2905
9923
3821
5550
2925
7102
441
895
2974
6473
3243
8021
4284
9268
6184
333
558
7599
3695
3279
4897
6396
7593
7900
4553
7189
8540
7639
3305
4453
1384
7296
5025
7004
9433
5513
6840
7675
5947
2203
3665
7733
6586
3561
795
2583
4089
2620
3082
309
4160
8457
1791
8947
6137
821
1110
7773
9624
2598
2259
6589
8692
1833
2948
7698
792
3618
9380
3346
5398
6055
3580
5094
8994
9498
6556
8661
8555
4163
4218
7560
6075
9475
7864
2797
8082
1773
2657
955
3355
2432
7828
3566
8200
5193
3401
2971
8620
3572
8695
5612
134
9628
3036
8512
2616
3802
504
7269
9132
3714
8861
1837
3895
2569
2514
5189
7210
1998
7462
9070
7561
9099
5913
263
4950
9786
3709
4298
4886
681
4025
1489
5861
5524
887
9976
8320
4463
8987
8627
9254
8784
3520
1105
9188
5212
9983
6406
1863
2455
8913
4329
7308
859
8934
213
8833
7986
7498
323
2815
7442
6619
2402
8904
7912
2632
2261
4581
2405
1995
9961
7073
2439
3282
3525
9295
4133
942
443
5208
7387
8552
1769
3541
3894
3919
6548
2846
921
7557
7465
3908
9148
5405
2571
8724
6125
9577
2615
9590
9608
192
4117
8612
9400
2982
975
8288
9276
9422
7936
7598
3369
4890
9395
7651
174
9668
3803
4469
5519
7440
1963
9258
9765
712
5092
4554
6203
7630
9313
4441
5514
4323
6892
6952
428
7997
9843
7178
6645
4561
9784
3610
1003
8956
7681
5078
2338
6084
2785
6633
2825
2242
3380
8067
4001
5639
5896
419
5654
468
7550
4851
1956
6570
950
7972
7617
560
8047
4161
9413
3373
5573
3512
8922
4214
2492
2961
1974
1643
5938
7892
1516
7009
138
9834
3420
7289
9307
127
5665
1340
3330
6706
4397
2923
506
1029
2414
8651
7367
3897
6972
5494
6846
2304
9573
8418
3778
8358
6426
1432
4383
3037
3630
209
8231
4749
3171
3349
3931
8515
5007
2254
1377
7405
9204
5441
1813
6927
2499
5806
4604
413
680
8733
3888
6400
5574
7029
1570
225
3851
7991
2766
9252
4399
7042
471
3860
3051
7961
1507
85
6904
8521
28
6147
1022
9814
226
6851
690
5188
2147
8251
4076
6731
9493
3524
2318
6604
5333
6752
3560
1982
5905
3050
5688
1266
7839
1665
7291
3507
6569
9020
164
9663
8595
9599
5648
8088
9334
9207
3392
8178
4717
2777
5134
6012
5909
883
9838
9524
4834
1294
1984
533
9065
8678
3387
9169
4597
5422
5851
2792
4839
5392
2501
1808
568
3632
2684
8476
6557
7229
6139
6558
9964
4806
5449
5611
4746
6079
4490
345
3928
4988
2916
8002
2939
4408
8830
3555
379
5225
4666
3570
3343
5710
2897
4761
1416
511
3706
2477
457
9499
3798
6626
1492
510
2614
5902
9578
1914
2415
5853
3589
811
6566
1789
1031
771
3200
1149
4863
7905
6424
8771
8142
9731
9419
4559
5492
547
6145
5658
7717
1491
1407
3135
7466
2878
6946
7963
3168
4650
9240
3503
8015
1541
5618
5873
5771
9569
3122
3764
9811
4603
3340
5316
5273
1442
7058
7471
5993
7563
1968
706
1678
1675
591
779
9239
313
784
5053
7700
4452
6252
4871
7447
1712
8366
3143
3488
9187
1530
2765
7160
6850
8228
1017
9669
9149
6281
3208
7951
8276
4398
4685
272
9256
1758
2983
6409
9111
3081
7721
4902
2821
4989
3997
7841
6886
31
3227
4671
2576
1636
7952
8158
9067
95
5838
1439
9575
2329
5024
4507
2491
2682
8918
1086
9414
1596
9826
1412
1131
819
5827
3156
2842
6983
4513
5979
953
1244
2450
458
7623
3636
9566
818
9515
1455
4234
6932
4520
9482
559
7668
9228
2635
7927
6245
5733
3311
7026
7059
8077
9783
2200
7703
3984
5709
4689
5228
4492
7581
6701
9645
6199
1628
7712
4211
9618
9195
9058
3027
1467
7434
7609
9846
1464
9974
7544
8820
2858
8074
2810
4081
3107
8253
2693
7135
199
9133
7790
3745
7802
7953
9287
507
3702
1326
1778
6583
4255
6874
7457
9339
8245
7040
4479
4658
3272
809
8374
8402
9443
6551
5722
6597
8478
2170
8606
8998
8743
9799
7880
5050
5949
2913
9827
3811
9124
9921
173
6425
7901
6273
5064
1453
7370
5346
7415
8610
3076
4019
169
1820
3569
3751
4412
3017
9748
4965
5872
8212
9159
3194
3154
5858
8826
6221
157
1290
6818
1413
4300
4185
1787
830
9178
1091
125
4085
6664
4612
9894
3890
8813
3921
1428
5143
9922
6271
9729
6077
8735
2449
4628
2680
8599
3195
4726
4598
4061
6582
5765
4748
6848
5107
541
1383
2267
7090
2429
1839
4063
3607
8703
3717
8410
2082
384
3347
1999
8397
6323
2631
7575
8491
1909
140
7400
3983
3231
4952
8683
4647
7866
7962
9626
5527
1560
4159
6819
3124
6335
3537
3700
4938
6538
6804
6868
4719
5156
7669
9202
8281
159
7121
5183
722
5406
5311
9617
999
6709
1010
1301
4098
4055
3719
6614
3725
6166
8065
7948
3113
3425
152
1720
600
661
2579
9468
5680
9244
9179
4636
7467
2730
3834
1370
8902
9214
5201
5627
9556
2409
1269
2294
9548
7701
1422
6366
2867
9161
4796
8264
5452
6290
3306
8836
629
1210
7264
6903
5583
5436
3829
52
1817
6679
7037
66
3378
7089
1465
2526
7812
552
2906
9681
1474
4993
5732
6176
1094
2764
613
3781
2985
7513
8010
1556
5933
9869
6519
4652
9461
4539
1569
9851
9832
5729
9987
6313
8137
6357
2071
4321
7392
4506
2709
7132
5652
9229
7452
3166
6495
7614
2250
9358
4578
53
6636
4103
3176
4955
9902
5401
682
6642
3875
8971
7998
3163
5515
7520
651
4712
1479
1268
8754
9587
1544
4040
7114
7636
7853
8202
5172
4504
9506
9425
1411
1085
288
8899
5888
4607
7094
8255
4134
7590
1048
9812
6108
3055
6796
2874
2233
851
9773
8125
6210
1470
7326
5520
2507
2306
759
3276
5657
42
8564
6623
3391
232
2443
7075
5632
4632
4699
5389
5217
9539
1482
4024
601
3116
8804
1116
1255
8226
8388
4522
7913
3946
5280
5871
4142
2204
658
2702
9701
3837
2742
9839
4728
8220
183
4265
6090
421
2081
4262
3148
4831
9770
4734
4179
9738
6317
5726
7809
1430
132
7256
4266
6351
8546
2302
3992
3479
7064
5810
848
1915
4145
7008
8852
1321
6601
9522
5703
7691
8017
3905
9716
3795
1950
9703
364
1316
4229
7564
8800
1800
3856
1579
9908
8361
705
8191
3329
3430
175
3558
1627
2138
2880
4714
8384
293
6712
6602
228
9379
6834
1148
5448
1152
6785
825
2892
2520
3884
6847
9044
4590
2577
8687
7595
150
9959
3490
1903
6179
5974
1785
8324
8821
3249
6104
51
4613
4697
635
5535
3831
2215
8009
2740
4937
9762
4731
9387
9301
7273
7859
3266
3682
7353
5040
7580
1506
8109
3460
6673
6498
3161
3467
3913
2116
7858
3062
9862
1176
2238
6039
8266
9135
2097
4186
498
9928
1200
3151
8219
9692
8993
2538
500
7332
5809
7185
5682
6196
7488
1645
8046
335
972
4340
3039
3499
7357
5416
273
6995
2364
7529
715
6635
9062
5725
5127
2387
8477
8728
9082
1799
5185
5240
8429
5613
8959
3788
3216
4038
2441
4455
5609
6872
5919
4508
1155
981
3694
6422
5689
8493
7190
8302
4601
6253
4515
4002
9336
8547
8265
5473
6513
844
3184
3421
5426
7124
4030
1106
7995
7800
3091
1648
2037
1536
8392
9774
2374
4573
7341
6438
5413
6761
4982
2246
9408
2347
1229
6153
5271
4769
9192
4319
1189
7667
1939
4413
1287
6999
2457
5790
6545
394
8622
1854
9185
630
1103
8921
6518
2478
427
5685
700
310
4765
1861
2605
7272
2052
8078
339
396
4763
4027
1907
6766
2050
4743
2249
2034
3885
546
6043
5284
8673
2089
6050
5072
2999
977
6057
3742
9579
2637
5799
7232
3138
8889
349
7759
5329
3089
5857
828
5167
3731
7198
775
4991
9840
5744
2497
9007
3999
9712
9311
743
4052
4762
4384
4206
3624
1642
6747
7444
9806
9897
5458
3948
8037
2830
9397
6682
8534
1182
7422
3207
9509
6934
6590
2807
6274
2677
1749
2958
9351
2411
9641
6474
2461
9280
8327
4138
7202
462
1437
3500
3952
7860
7478
9887
8400
7985
5243
481
5155
4250
1883
6355
5168
9749
603
9883
526
5502
516
2652
6344
894
520
6113
1563
3879
9878
7125
8425
1672
9885
8570
4292
1252
8849
5762
1700
3859
9042
6129
1203
7481
8308
1427
5603
3084
7363
2918
926
9303
5692
9994
4202
5320
5164
145
2340
9542
8323
5525
9004
7526
9238
3755
9448
9470
8282
6257
1767
3679
4028
4848
5638
1119
6478
5545
5001
3741
1718
801
64
5215
5890
2943
6318
118
7896
2550
7999
6098
8012
948
911
5702
4611
8145
7129
9291
5973
1423
6261
1816
3794
3205
9140
994
7727
1843
3789
2323
6011
1040
8665
9754
1246
9743
4836
7943
7831
6985
8646
2247
4464
8711
538
7014
7869
5457
3710
2280
3350
1475
254
4079
7429
4696
8649
4946
3219
1499
5332
8785
4050
3128
8706
7271
148
1395
6625
6962
8508
4975
6386
8143
7824
8944
3098
7425
8064
4437
3317
5226
4516
2165
9297
3685
7546
1871
3994
5382
8964
2154
4336
5742
9129
7027
5446
7910
3968
2676
8168
8905
978
1774
9497
6212
3805
9508
8535
2029
6085
6510
9290
5821
9378
6644
8462
5781
7083
7044
2313
249
4327
2968
8201
2911
7528
586
4527
5355
7115
1726
9504
4312
6687
4171
6067
8304
9918
1488
6269
6194
570
9039
7290
5089
7510
557
6327
4815
8730
24
7990
2589
2703
3967
1644
6258
5022
3617
1282
6677
3241
4215
7946
3964
5455
3693
2463
9924
3740
240
6748
7077
5487
2230
2024
8026
2876
6216
2150
5344
3501
5358
2169
1884
6916
9796
974
5377
4371
5206
6086
4178
8594
5868
4903
4491
3758
7820
96
6502
6459
5363
4567
9919
3955
6133
1853
3115
2044
583
4927
8912
612
258
2113
5074
2184
2430
3364
306
5415
2344
900
6683
1979
9168
9103
2262
8793
636
6981
8616
7746
4723
2158
7652
112
4992
6063
8739
1346
1967
8589
5465
4881
7706
5433
6045
4974
2575
4866
2503
1962
246
8926
3069
7487
9027
3170
4751
3722
1042
4716
9096
4756
3521
2072
2014
5294
3692
6312
6083
8925
3235
3598
660
8614
8789
6713
5260
7100
8423
4809
5424
7122
8140
5782
472
4248
796
1032
44
7302
5276
6372
9882
1159
33
2848
1179
4095
1278
2314
8260
4608
6244
7276
8128
2229
2307
1691
4243
2397
8215
4614
9778
6038
1222
4322
2087
8257
9432
9130
117
2954
366
7686
7224
5983
2166
9503
1261
3861
6295
2485
2768
4022
3760
2106
2856
3982
2180
2425
317
9069
1885
8513
3991
3497
4386
81
4981
1452
408
1311
1044
8441
3663
8957
5249
5414
3623
1887
6439
4555
750
8565
9502
7881
2528
8416
4844
7834
5999
7485
5830
7883
7170
2649
802
7237
2190
3258
3175
4275
758
305
1657
7879
2309
221
8587
7987
3060
9040
5295
9757
3464
6109
8475
4750
3087
2529
9032
7399
6606
4792
6686
2644
2648
7060
446
4964
4537
4673
9154
6912
6419
7230
179
8945
8898
9555
6371
1532
7888
6224
2227
7364
6966
4795
9389
9952
5238
5037
348
9236
353
3641
2222
9656
6922
6066
3432
8938
6629
2710
5907
3573
7825
7238
1066
2023
4615
9073
7804
3848
6446
3316
5111
814
1509
9707
3815
3040
3068
6960
320
3870
7929
5079
8452
2351
4688
1396
9627
5052
8372
7061
8141
6013
6489
4948
8593
4108
4923
8864
7714
2394
4873
7767
7613
5920
3145
3484
9015
2208
998
2908
9450
2365
1620
590
5981
206
8334
6368
4512
7521
4104
2130
7548
4350
6767
7031
9957
7518
6016
7918
4548
5831
1958
5151
1734
7517
842
5012
2699
7251
9875
5805
7412
4009
1651
1348
2361
606
6503
162
6356
7945
7295
5069
4466
6759
5477
5410
6651
9723
5199
2236
963
2103
5885
3638
2104
7270
1505
3005
7863
3711
2837
874
6146
4017
6301
1310
7917
1074
5366
3157
9269
7818
4637
3784
8756
5144
678
3737
7168
8906
1235
4549
3003
1207
9283
9853
730
6397
1362
2479
7024
3404
8644
6594
9576
748
4505
7540
1667
3131
1292
9119
8263
7843
2553
5956
264
919
5308
5568
2084
5878
2744
7589
2349
191
9060
281
1033
5570
2444
3470
1997
9310
7371
393
4852
200
9977
8574
8274
6978
829
4569
5383
73
1056
8686
8480
2751
1063
9597
3585
2833
9958
3508
3707
9078
8375
6044
1717
2385
1495
7346
3408
6337
5160
6843
9881
8853
7378
9629
5286
1398
2613
9050
8409
2704
1263
3744
5468
1055
7742
74
8929
5916
1124
4291
3463
2060
6316
237
5763
8578
8909
3390
3577
2511
622
3684
8224
4154
3892
8731
1698
5394
8042
671
556
1923
3535
4781
7923
4109
9764
4387
5812
1660
3289
7220
2884
5534
5375
2915
1640
8489
1102
6515
5605
2167
6332
1845
621
2941
2930
41
2866
2038
3446
9672
9798
110
4263
8976
3377
6471
1932
9637
5068
4226
3893
6506
4626
9935
9299
9525
7375
7846
9809
8262
4309
6572
3132
4358
9905
7778
7654
3382
1426
6574
1670
3768
4659
1084
6161
1760
9751
4372
3337
710
8239
2824
7958
4125
7658
9526
6732
7032
5290
9728
1632
3612
3597
6291
5088
573
4289
9277
9282
959
442
2206
8365
2956
1096
2775
1305
311
5361
5617
2093
475
966
7081
4279
6342
8426
816
3729
9652
1438
9196
9320
4069
5511
3035
4480
2524
3278
7355
9053
9753
5084
7940
4280
9226
5356
2750
2502
1162
6535
6617
2098
6863
9293
4823
6388
6862
9372
7483
6762
3067
7348
2889
7741
7279
2912
3559
5058
8884
1897
8241
518
4459
575
2111
1826
2362
7163
3370
7050
6991
2195
9903
1650
8633
1158
3394
2073
9649
4375
5554
8464
9392
5359
6943
7684
4235
8638
380
7328
7337
4209
1599
886
10
642
6338
5957
3998
4123
7852
7537
4892
4888
3715
3509
5553
1583
3048
4593
1574
9535
3139
4610
7502
4510
3439
9105
3
2431
334
6427
3976
6304
906
3869
7035
8092
976
5029
1728
8807
6878
7907
6073
2996
8862
7301
7067
5619
1780
4217
2860
893
5113
9970
8582
7979
7973
7372
5629
4270
9761
8558
5478
346
5716
2064
3629
8135
5556
4983
3574
6974
1535
2560
2283
8177
881
327
262
6420
7403
3966
8290
9296
1985
582
6894
754
6690
9426
4736
6180
5237
5961
3468
9075
882
7603
9089
1279
2220
7779
7710
5054
7382
5076
9859
4887
7982
1972
5462
7716
27
2946
9266
6240
1137
1484
3987
1181
6096
6322
918
8881
628
4434
6787
7133
5348
6585
4488
141
1616
4968
5384
2838
6933
2123
3063
7565
6353
1966
8130
163
6223
9331
8979
5275
6841
3407
1242
7969
1212
1762
4442
5651
5509
3634
5098
9819
3475
7903
7385
2189
1062
5728
7542
3455
8099
1039
2475
8787
7664
479
8657
434
6568
8175
6254
6657
8776
8674
5312
363
7976
4422
4225
1719
4070
2828
5445
2427
7123
5257
9683
803
512
6727
4031
7243
1347
1127
9795
1060
2767
5224
6613
4551
9544
9909
9424
1910
7266
2140
9219
3818
3774
3854
1314
6692
8378
8051
2787
6266
6469
7718
5460
8972
4199
4187
3643
5291
3458
6198
2590
6907
4467
178
5466
3182
9271
4801
5014
4822
9960
6329
8866
2420
503
6423
4898
6277
7803
389
46
9104
2551
8339
6856
5848
9558
5124
8932
3708
4843
9354
772
8541
8734
9288
2122
4096
1083
8560
7835
5246
7062
1991
4020
1082
1440
1898
38
8399
5542
6830
4004
3447
5622
9891
3942
2421
2665
1796
5608
7225
7082
5793
9041
6980
8427
2234
3223
7244
648
2152
9845
135
820
4692
5774
785
1761
2900
1402
6436
2572
6259
8172
9441
7898
9267
3690
7977
3179
1510
4826
7615
5437
1366
4802
6034
3057
6367
9440
6637
17
7507
5847
7166
8797
4535
8719
6957
7327
5687
5299
3874
14
9401
7872
5178
9848
8901
7092
4623
1013
5335
8896
9769
2099
23
6694
7028
4363
4594
219
4617
6151
6911
279
7041
1487
4531
7274
4259
383
2319
6807
2737
4509
2142
5823
9487
8330
1721
8322
5135
9166
7780
3093
8827
5549
220
2801
4156
8563
5471
1756
8562
3505
1436
5743
8961
4720
5587
6740
2618
1497
8486
2090
5055
2295
6941
9438
6610
5582
9758
1425
5262
8630
4219
1293
5640
3332
6415
3889
9607
9409
6958
7384
7730
2002
569
1581
2417
37
7397
433
6758
5489
7573
9516
2784
8992
2910
871
6062
8500
9625
7567
6042
365
5865
6618
4228
8742
2043
9138
2004
6764
3413
3937
6725
3970
2124
4979
8996
7489
4737
8401
6828
7294
8380
9405
355
8658
6195
543
698
4101
9246
669
5597
9944
4032
4880
4438
2935
7787
8353
9009
1236
448
4137
1824
1771
6103
7418
949
4503
8114
838
7494
7373
6655
8814
7211
5647
2232
104
1571
1303
9584
1954
7792
208
7666
5585
862
6117
6433
1522
1172
1274
7555
7235
5677
9782
153
6132
2277
9999
2960
4970
6468
7672
7989
2544
4439
4672
1821
1514
9139
2826
9122
8221
4105
3203
4665
8641
3366
1145
400
7182
8951
2031
6035
8061
6707
3008
3474
8195
6272
3238
832
3510
7072
7674
8445
5922
6700
8013
6167
3395
8974
2769
7423
8777
4990
9394
7878
6278
7754
2458
3644
3133
6724
6539
4231
7218
3445
4351
315
6235
5895
1365
8897
9947
1171
2128
9008
5227
537
7088
47
3902
367
9456
1925
9710
58
9697
7191
5668
176
7298
2433
1011
5157
8126
845
362
1059
7606
9844
5379
2354
4667
1679
6745
6536
8894
8189
1136
2225
3054
9660
8588
9200
4502
9191
420
56
319
2679
2839
332
592
5946
9171
4930
1198
1836
1742
6155
2933
6491
1763
6842
5129
7477
4299
8647
3664
6699
8973
8769
6970
5708
7838
7854
3927
8968
9664
2328
6591
2183
4334
9437
8725
7670
190
5066
6300
3004
8395
69
2137
6217
3881
2739
1281
1289
9793
4544
2875
8471
9312
2660
9600
653
1338
2453
7155
4674
1130
2452
5580
9559
39
718
2408
5975
7844
1809
7278
3906
7390
1714
755
6116
8747
6160
6383
6311
545
5910
854
8307
9399
8566
2822
9734
1550
1868
8032
6375
5704
6899
2594
5705
9038
8405
4451
4379
1076
2000
9678
1142
9003
4595
370
4197
2921
3086
2426
398
269
8170
2640
9940
6390
3832
120
6059
4622
3473
6779
275
6880
111
6523
124
8715
7022
1234
3402
3900
8981
2732
4591
553
5403
5034
3603
5303
9430
6002
251
5447
4
9732
979
2683
7764
2836
4534
3327
4390
250
4477
465
1121
9081
4012
3583
6231
342
3739
7188
351
2608
3023
8779
4498
2690
9581
3434
4345
9151
1360
2719
4447
8447
6603
9589
8289
9141
7921
2112
1324
3536
4051
6858
3169
6449
2265
4044
5411
7648
9114
4934
4875
1828
373
990
6501
4221
390
3314
8676
9865
9146
1447
3564
5242
130
7705
8115
1225
7486
5307
2989
9467
7735
826
566
527
618
5889
1788
677
1752
4269
6798
48
1832
4313
8808
5779
9143
4931
8273
9824
716
8455
3469
9726
2368
6826
5121
1164
1493
9968
9554
6675
2519
4783
1188
1356
9367
3920
3995
6730
1965
7368
411
3012
5753
1888
107
7213
989
6249
7433
347
2749
189
6598
9025
7725
1922
8645
7141
4129
1807
9361
777
2108
2814
1852
8252
1681
2568
5479
8581
3531
2623
2423
4497
3435
1095
2641
8577
222
1912
9653
9720
5581
2804
7702
6720
7618
9501
5179
8872
3267
1797
732
7939
6543
7039
9352
8432
676
6428
3471
8227
688
639
7443
6418
8194
4380
2647
1702
7176
6099
1185
5481
1895
2174
8726
7065
4376
9679
3847
6236
3403
359
6458
4525
3385
9319
2689
4073
9874
1953
4755
5801
2546
1669
1138
7175
5486
4862
5892
144
9013
5152
6148
2033
9886
3539
6374
5926
1471
3753
9495
4018
6781
8076
491
663
8151
5776
5752
3777
2293
2465
8828
7281
6541
610
8081
4845
2185
7052
1545
1307
4799
7286
4288
2979
3415
6228
2622
3757
985
3846
849
1417
5538
8419
7657
8931
4705
2460
2357
6163
7196
5917
3059
4832
6171
2156
4157
1969
8091
459
1696
9619
6580
5342
3293
6592
2558
6621
9285
2212
1046
6421
6827
7662
7
212
3961
4630
6164
9014
8598
9066
4739
5719
1699
4385
6314
9176
369
5285
6288
242
2194
5105
6305
3254
637
7665
4568
9055
7406
1680
1625
7016
9410
3141
3652
5362
8459
7626
6751
8312
1978
3669
7631
8087
425
8428
6867
3606
9110
549
5834
687
4359
7851
8879
449
2257
2761
5063
6268
8810
3386
8770
6681
9911
4361
2957
3528
8583
1239
4407
7099
2
7446
9521
291
385
6975
5925
4136
3111
467
9635
604
6534
2290
719
289
5990
8435
3918
8258
7796
3797
403
9381
13
4308
9854
7209
5971
1429
2317
2182
1611
8573
8233
4201
4254
3100
2498
2855
2305
2521
4449
3244
5998
5666
3591
7568
6555
276
5924
1508
4859
6698
172
7622
2296
9101
7137
6170
2160
9049
2074
2178
6820
8960
4166
6666
1847
6738
8415
3123
9357
9530
3052
855
3095
9423
1327
4456
8027
8684
1546
2505
2435
1517
8011
7690
7267
7347
835
1682
7393
5123
3547
6783
6209
8371
5756
1254
170
8643
7728
6114
6470
4405
9676
7647
2713
2173
2625
9842
5932
6571
397
9472
5062
90
846
909
4067
1173
3371
9740
751
1078
9253
6646
2469
3165
2518
7637
1461
9666
3697
920
3826
2976
4576
67
7130
7906
3972
1905
2752
6755
8030
7798
8526
1478
8317
4285
2585
602
195
9144
9163
4953
2046
1930
2446
233
540
8767
1834
2774
381
3000
7632
4264
5555
2580
1689
3058
3014
6265
8198
6187
6864
7283
901
8806
7671
8874
5438
9416
8359
2811
8321
6173
9054
488
3160
2077
9113
9455
5813
9818
3899
9953
5391
296
5161
368
6665
8805
6339
1865
3245
2020
6492
5976
6349
713
5300
9813
8180
3056
8585
9718
5314
2595
7747
1213
3661
5679
2859
1873
2998
8882
2599
4343
2758
4330
8062
762
8844
3824
3935
8487
8403
1750
9260
9028
3759
2109
7966
1280
6956
245
239
7897
1468
9965
9345
7988
6192
1296
89
7015
4316
7776
9353
9825
9170
3294
2032
343
8100
7068
5644
3242
3482
8584
5115
4933
9682
2653
5133
8286
8238
6500
5522
815
5894
8648
6122
8670
3461
5955
6255
3864
6825
768
6620
7904
745
2566
5032
2770
2407
6168
6609
8741
7193
9982
7611
1231
1659
2311
3498
1558
3020
2573
7055
1098
6490
1685
5505
2778
6248
7148
5694
8781
2163
5544
3234
3963
8277
1400
3529
3480
9362
7206
8746
897
5005
1284
5337
3945
1443
9916
9079
2181
2617
7409
5826
4758
6684
1738
6950
2223
1500
2928
9451
8928
7265
4660
1593
9665
4895
9220
5251
3839
9435
4909
1971
7586
4472
5863
2857
2871
8104
7524
9100
679
2278
5551
4780
6345
1515
5766
3296
6411
945
3233
1325
445
2019
8850
7330
7533
3575
3034
8318
7821
1542
1014
4000
4960
1258
8247
7320
535
6771
409
6865
5800
4182
9696
8983
4889
8025
483
7870
2121
6466
6352
1460
8070
8822
8617
2757
3993
7501
1977
1238
5988
3240
4115
7496
5
8055
4116
9106
3428
4317
2793
6431
2805
5777
5139
3192
8311
3079
4901
1459
7763
1001
9365
1369
8301
2747
2970
4879
1572
738
3417
4100
7174
695
5540
2448
4757
9340
3326
8385
4059
1320
5543
3335
3807
646
7925
5864
5162
9984
8440
8357
2127
1523
7165
6451
7187
6047
8840
6289
7490
3721
8316
2527
8184
2993
1782
4290
3147
78
2687
2133
2755
914
8370
8019
6378
4301
5693
5526
6091
2484
5017
1674
6526
6924
2198
4900
7205
2054
1877
1613
9520
7771
3177
8494
2981
6667
4415
9257
4963
8632
8045
7201
1194
236
7420
5499
5229
8396
2555
2445
1940
4740
7093
8485
525
9190
2909
6984
2080
7756
3971
1271
7161
8319
8527
3565
8163
7007
6373
4433
4812
5764
6660
6120
885
2661
1862
7493
8469
9973
7116
6483
1154
1339
9938
325
6897
7531
4891
5900
7873
794
1548
7184
299
4141
6333
8417
3019
6159
4090
4850
3492
6111
8023
2245
9686
5197
5845
6135
5837
231
9302
1755
75
4942
4625
3211
4207
7536
501
5301
100
1167
3264
3929
9018
4803
2783
9899
654
9421
7241
5207
7949
3299
6661
8166
9189
581
6362
9571
6735
8518
2066
1080
7643
521
2067
8878
5850
8150
1803
6350
4550
4281
1801
6520
6749
2808
6833
7118
9377
6955
773
6021
6188
4929
3125
8603
8362
1646
8753
3220
1529
4045
6479
4188
6061
6753
961
8819
9402
8356
6979
7783
9406
9047
18
496
2670
5019
4760
7713
7038
9775
1986
5194
9373
3224
4732
9251
4683
1251
4119
2088
9536
8216
5750
3584
1786
4369
3578
9992
9606
4196
2376
2773
9561
1026
2931
3481
1363
5209
8553
4431
7257
8903
685
2673
4014
9658
9147
9206
8721
7750
6888
2251
6429
9249
2061
3270
3882
9494
5931
4245
7532
947
9677
7223
6443
4627
8900
5593
4326
7013
3300
9193
6750
1947
3716
2643
6283
4083
2883
7208
7933
2574
8608
5030
878
2697
7361
6869
3357
3323
9914
8111
729
8437
6801
1372
3792
6381
9496
146
5723
6140
5737
1764
6930
7152
7248
9972
791
5667
4487
7134
1856
7112
2881
8796
727
611
4794
3651
6343
8736
6845
9491
8654
839
2562
8778
4744
5091
5816
4944
2668
925
647
6306
7480
8085
8794
8242
1879
1829
2434
9659
8229
4999
8414
3549
2003
1170
4006
1964
114
7228
2596
2655
9137
7314
8360
5923
2882
2817
1193
4432
2235
7215
6202
8159
5350
5154
8744
3592
8138
7811
1230
7911
4370
9638
9690
5717
1195
4664
8977
8517
5950
115
3021
3978
4246
6404
4362
9231
4294
9780
6918
6401
2188
1108
6631
873
489
4602
1724
4706
9278
6293
1205
4403
8364
7253
5577
3956
9956
6064
6181
1385
6607
1433
8663
9205
5067
6605
8367
3341
2378
3649
2179
5214
4957
2861
3094
2117
2591
2612
2885
9332
7926
7806
2366
4278
3331
4935
927
6110
9700
5664
5832
7285
3658
2177
5244
1454
2624
2504
8024
1421
158
4913
8106
1512
1378
3943
6009
9407
5825
2864
9333
6540
3226
5203
2331
2759
3419
6464
3688
5795
4829
1092
1054
8636
3926
2896
8295
9930
2157
2791
6456
1072
6777
7762
9479
2953
1283
8038
9031
860
4349
3075
4606
4013
9540
290
7439
6528
8169
5031
5977
5323
7344
8773
4120
8572
7169
7010
2868
5724
1737
6447
5140
2642
6414
2926
6516
8764
3146
8048
3819
5205
1504
8345
9564
605
4956
7221
1919
4200
7045
7084
4877
7128
6782
5758
5439
1394
6417
1004
9989
9800
1913
4865
8768
5176
4181
6902
1115
675
9817
9199
595
6310
7268
3604
7645
8690
4042
4414
1654
5218
7577
4825
1300
7552
9538
5419
4686
3239
8816
5149
2141
4174
1163
5095
9473
2253
7516
9158
1129
9505
4868
6524
2011
7034
3985
9532
4605
4482
8893
7920
3988
9567
5365
3424
7011
5496
45
2101
5670
2281
3263
2798
7417
9452
2743
3410
6876
8991
4687
6270
2086
5546
4681
8490
6024
5370
4693
8619
3796
1733
9442
7300
5234
4428
329
8096
2282
9156
8691
6588
7527
9431
8871
2136
3687
7333
3088
1926
8036
9006
1609
1143
1775
6544
910
6019
9631
7056
9489
2531
741
4973
2334
4086
2422
2548
9562
8080
451
3199
429
8592
3465
7752
7173
7461
2070
6046
6504
3477
3423
9057
3775
1329
3733
7744
6656
6082
3478
8495
20
8699
2904
9203
9261
3977
4570
1494
7659
1924
7694
1187
8093
7830
3255
1872
735
2355
2671
528
3010
5086
7414
9209
2790
3835
5748
6220
234
4867
1566
308
4139
374
4389
4339
1614
5571
1673
8481
2270
1409
8567
7407
6156
3042
4818
3939
7569
8543
3181
6018
9933
1275
5216
6026
7012
8278
7119
4003
9591
8510
1291
3090
868
957
1943
4011
7583
551
9904
7629
9327
2312
8449
6294
6260
643
6389
5952
1711
6728
6622
8300
7685
952
567
2392
1603
5918
9474
2776
3779
492
8299
1722
8666
6347
2816
4884
9603
3099
2105
3217
3756
4190
2048
6715
265
3265
8863
8660
21
9998
392
8451
4062
3273
6020
3886
8859
3738
3061
8336
571
1707
2997
2321
3957
9949
674
954
6788
5672
9906
2476
7464
3114
3197
7867
5786
4704
6887
3011
1942
2539
1553
7731
1866
5754
6512
7937
9175
8855
6472
6190
6805
3489
5077
958
7023
5558
4099
8497
202
7071
7522
9045
686
6896
2487
1312
6987
3747
7150
1695
4932
2096
1317
4947
9807
9488
4087
3426
8479
207
6279
4272
2789
9582
9034
2335
576
3431
227
7592
5081
354
7204
8472
2629
4034
1840
1693
1134
9080
4121
6232
414
4430
8834
6095
2879
181
3246
584
1027
8854
1744
6005
5604
9828
4396
2756
5836
2963
9674
7432
6448
9382
9274
2143
4306
2241
5792
5843
967
7608
5547
8590
7096
7431
1253
3284
5579
6638
6213
9411
9948
7576
7638
9651
7377
7242
8054
960
3533
5453
4381
6476
2987
8101
3486
5170
9172
2966
387
6910
7157
2341
1815
6292
3750
6441
875
9735
4143
8094
8117
6334
266
4523
9234
7621
3840
4646
564
62
447
26
4155
6131
6550
2264
2945
3452
4169
7365
3351
7612
1051
1908
7164
7909
9390
767
5464
3118
761
1951
1615
9680
4915
5631
1304
6328
7832
5770
8033
3097
7231
6262
9338
4651
5021
1598
7738
5548
1313
3268
922
3275
5684
8146
7902
5986
7807
5506
5899
1295
7076
4167
965
4918
5443
932
1118
6094
1006
1878
5427
5879
391
6652
5371
6025
9329
2382
1405
8860
5769
7770
2850
9639
7460
5768
3103
1191
8181
4295
4861
4251
3189
5628
5623
8675
8188
7307
2065
6870
1128
337
4252
5576
6773
3374
7840
4131
4173
8354
5080
5306
9642
6442
631
1364
8935
2513
5106
2951
9605
5026
2873
6529
6579
248
5407
726
8413
4176
5108
9888
8955
1830
1690
9789
3898
9001
4584
4356
410
4788
4297
8788
5701
2711
598
8575
224
9781
9476
9490
5485
939
2891
3743
131
4023
2298
4784
7597
7250
3280
6795
2214
5512
3941
6385
405
5954
8823
241
3257
9030
7459
9747
1704
8936
5459
9988
9348
336
1630
8430
714
5450
6229
4072
1552
8211
4996
3348
216
7394
6883
9776
1949
4195
4629
2969
4730
4149
3442
19
4175
8016
1779
6398
8222
9374
5596
587
3353
1202
1208
5808
285
9967
2851
8305
2148
3836
3287
1247
6136
986
139
1647
9420
2530
4906
3250
1701
6205
9936
4374
2069
4833
9237
659
645
2171
6247
9128
4775
2795
4046
7261
1710
4493
1838
5241
8710
2345
8653
8792
3801
502
7319
7695
8237
1073
50
4303
2075
2139
2119
4766
9661
1605
8626
5590
2131
7914
5876
580
1811
6599
1601
2754
8873
3855
6430
8870
4787
485
5775
9127
4122
5980
4333
444
3981
3339
9717
4016
72
5070
9872
1870
6800
6837
9120
6399
5220
6405
4655
9750
5697
6784
8766
2832
3596
2343
3065
7449
7020
5645
8204
7891
4058
6250
2517
4391
7696
2522
2952
6982
3342
733
5852
5712
1196
5624
9321
5663
4945
7584
8368
1554
9768
943
6581
1805
6855
4068
1602
1265
1336
2210
4997
6413
6575
155
6881
9326
8544
1053
7317
1987
7162
3140
7430
2289
5903
7151
3365
4571
4335
25
407
8113
9298
6533
3190
9355
1810
1941
8144
9529
8503
1260
6831
9142
8714
4741
8446
9534
6036
5934
404
8835
482
4684
9612
4985
2645
8722
6359
531
9335
7791
5530
4727
8270
5584
1639
620
307
3015
7113
8156
749
4033
4365
9997
36
9197
143
1580
9371
1332
668
2012
2654
261
7874
103
128
5691
1334
2686
1513
8269
1849
7329
2151
6905
6460
154
7146
1477
2788
3699
5109
5475
4841
5757
6940
9596
9328
8748
2779
9727
6201
1
5870
3705
8075
5840
6859
9654
6393
4742
2672
312
9029
5057
517
8294
2395
4501
7553
1424
7753
4307
853
9791
1587
7814
9705
4048
6215
2994
2373
4715
1989
4232
6060
8786
3457
8119
8448
2723
7416
7315
7579
5761
7562
5256
1330
6191
6037
1901
6654
4077
6256
2847
9259
8439
3973
3031
3816
5404
6454
5882
4656
9609
1146
9248
9116
5646
7336
1706
2512
3845
65
1652
2239
3044
495
6336
7469
3429
2593
9647
4474
3810
3581
8332
3310
3786
1519
2327
8213
1952
5987
3247
4722
6330
8031
2036
1139
1814
2256
3206
8098
5849
9990
9076
4514
4242
2348
1480
2869
7777
7692
577
253
2627
7554
4543
8597
9841
3162
532
4260
2604
484
8097
5785
8235
3502
7680
3813
1524
9454
8275
1441
4347
5681
7919
3322
7247
4499
5634
1961
257
406
7183
8679
8858
3865
2602
4779
4066
7103
6485
4676
6723
361
8677
4899
1052
2536
793
4286
1608
61
9920
4102
5557
8755
529
8783
4324
3642
1575
8511
7120
2835
4056
6742
6488
3307
3112
2384
3485
1740
5887
3866
1057
4097
8752
6628
879
1896
6287
1015
8548
2965
5784
7249
6467
4521
806
7369
8717
5153
1068
372
4541
6107
5163
1793
4959
9706
5330
8112
450
7722
5075
3656
3823
8712
453
8601
9857
3674
7479
2456
3689
8982
9304
2812
2813
6162
160
6939
4926
5004
3388
4257
2324
8839
9324
1306
6056
7512
5018
2006
122
9756
7199
8708
1418
1199
8618
9925
5953
5822
4616
9667
7649
9879
1351
6031
6678
8952
7331
2771
7149
8040
3605
4450
5635
6461
2326
2228
5842
3808
1147
817
3666
2474
7515
7640
455
6676
915
2862
5484
6142
2696
5906
898
9306
4754
736
8444
8052
2488
4821
935
5191
9572
8381
8340
8412
6776
6115
6802
5467
3724
3785
2268
9186
5255
5043
1020
456
1835
1594
2940
1819
6584
3297
2406
4409
194
2694
3595
8043
8762
7323
3734
4132
8223
9583
1618
9375
1359
4813
5655
2035
6041
1565
9418
1217
4184
2403
8920
7582
8933
7915
4695
4164
2418
1243
7689
6658
6562
5960
1597
318
6348
9630
2275
4564
6354
711
2217
5343
7884
1904
3601
1404
1766
9671
6531
1120
8433
6326
9235
1065
4824
2545
8507
724
8607
9215
5855
4355
3261
1228
3150
2039
5145
7340
7556
8868
3986
4752
1993
9850
1012
3191
3770
5991
7033
8379
9164
2132
7227
2391
2100
6630
1624
8232
7074
9714
1140
3675
3637
8689
1156
9480
8745
5003
3588
670
1607
7865
1133
7091
3009
8845
9033
4113
6990
3283
4856
4967
8664
5532
3746
4244
4130
9241
9568
7663
4574
892
6320
1498
6065
9687
912
8538
3006
9046
3704
4907
5232
304
2493
9021
184
2367
8759
6363
5171
5117
136
294
6708
8230
5616
4575
105
4332
7167
1088
9059
1016
6053
5718
2651
4642
3290
904
6600
5780
8532
8650
6022
5491
2733
8801
8586
6931
8102
7254
3476
5432
7868
3876
4082
9648
8248
2007
6
6032
5606
870
7740
8965
5602
8962
5996
8988
344
8434
4198
7293
781
5083
5835
2728
9620
1025
6861
8234
8571
1009
1389
6365
7505
4745
2646
7616
168
49
2041
8377
8580
1077
8737
9085
7047
2269
6744
8732
2237
4444
7678
7855
7017
5071
7144
8642
9250
4074
9386
4511
2515
2055
937
3127
1037
8501
6882
8131
1960
9547
3117
7458
1790
188
1190
7106
4711
2714
4233
723
8798
8386
5261
1584
9622
3842
8704
5119
5572
6688
9412
3613
3787
9670
201
6007
5904
2944
7924
4702
6297
7574
4872
2107
702
1319
9225
8536
4366
869
9766
5061
7509
6791
6280
1713
7748
1335
8713
4112
3120
8246
5501
4224
1297
7950
6493
6866
5182
3703
7324
3202
4524
386
4908
8203
5817
6849
9673
8761
2085
5184
1664
3646
1686
8329
321
6945
4041
1626
6453
9892
1649
4579
5539
2675
4008
7255
8948
7343
470
4240
6078
4790
1462
7826
6973
3611
7216
4273
2834
6319
7451
1980
5247
9822
6309
1729
3106
8296
8287
7192
3440
6511
6803
6935
1113
2917
3799
6410
2209
1457
1216
3947
5351
2114
1069
1109
3723
8468
5472
673
3662
7784
8682
7389
5862
9342
3754
6542
1551
1111
2419
7212
8105
6754
5846
742
1920
1408
8373
6977
2272
4721
7475
5408
6462
4315
5279
2369
4357
3359
5065
377
6105
7736
5114
9102
9721
2231
6893
2753
3230
8394
7484
7019
5678
8333
7086
4972
9074
2145
4858
3683
7448
6768
6835
244
5096
2636
274
2718
3862
3389
2877
8634
7708
4519
9213
3553
8225
2468
8461
4150
3800
5353
1573
4916
3358
2135
7101
7158
9985
4922
8596
9026
7704
800
8404
6821
1578
4710
415
7944
9457
1564
9975
4035
3399
6718
316
5642
9917
7109
7445
7607
6854
8628
5787
247
7789
8127
7965
6988
8466
2400
1889
6547
5992
7362
5131
8431
5429
4552
9153
6711
4657
2760
8667
9560
8537
6650
1357
6457
5997
1957
8624
6391
3105
7426
6178
6435
9517
9585
43
7729
9803
426
709
6497
9444
5195
2271
1730
3109
5334
3101
2370
3974
924
3438
8780
8694
1449
5230
7345
5488
5833
1533
614
1000
9760
2796
4220
3001
6130
1117
9954
2509
6509
3903
1881
9586
7719
3922
5767
5357
7245
7427
4153
8363
7619
3515
7661
5045
8454
2008
5002
1101
8924
7292
1241
1388
7139
617
5615
9884
7156
1415
1621
6276
9264
2056
5700
8249
5649
8549
7745
1567
1161
2841
2547
4283
3153
8349
746
1723
2780
7435
1683
4768
9109
4639
